41,18
56,35
10,222
10,150
10,152
10,14
10,216
10,28
10,196
10,284
11,14
11,24
11,10
11,12
11,6
11,16
11,26
11,4
9,4
9,6
8,4
8,9
8,11
8,6
8,17
41,17
41,16
41,15
41,14
41,13
41,12
41,11
41,10
41,9
41,8
41,7
41,6
41,5
41,4
41,3
41,2
41,1
41,0
40,3
40,1
38,3
38,1
20,3
20,2
20,1
19,3
19,2
19,1
12,3
12,2
12,1
11,27
11,23
11,19
11,17
11,15
11,13
11,11
11,9
11,5
11,3
11,2
11,1
18,1
10,293
18,3
10,291
14,1
14,3
13,1
10,273
13,3
10,139
10,101
10,35
10,23
10,15
10,3
10,2
10,1
9,7
9,5
9,3
9,2
9,1
8,16
8,14
8,13
8,10
8,8
8,7
8,5
8,3
8,2
8,1
3,3
3,2
3,1
2,3
2,2
2,1
0,654
0,653
0,652
0,651
0,650
0,649
0,648
0,647
0,646
0,645
0,644
0,643
0,642
0,641
0,640
